圣兽;140;54;270;48;1;0;1;350;0;25;20;25;30;0;0;20;30;0;1;0;0
圣兽1;141;55;271;48;1;0;1;350;0;35;30;30;45;0;0;20;30;0;1;0;0
圣兽2;81;55;271;48;1;0;1;350;0;25;20;25;30;0;0;20;30;700;1;0;2000
圣兽B;140;54;272;48;1;0;1;350;0;25;20;25;30;0;0;20;30;0;1;0;0
圣兽B1;141;55;273;48;1;0;1;350;0;35;30;30;45;0;0;20;30;0;1;0;0
圣兽B2;81;55;273;48;1;0;1;350;0;25;20;25;30;0;0;20;30;700;1;0;2000
圣兽C;140;54;274;48;1;0;1;350;0;25;20;25;30;0;0;20;30;0;1;0;0
圣兽C1;141;55;275;48;1;0;1;350;0;35;30;30;45;0;0;20;30;0;1;0;0
圣兽C2;81;55;275;48;1;0;1;350;0;25;20;25;30;0;0;20;30;700;1;0;2000


说明：圣兽A - C   名字可以修改，但是后面1,2 不能更改，，修改需要修改全套，比如

圣兽A -- 修改为 圣兽王  那么下面两个必须跟着修改为：

圣兽王1
圣兽王2

以此类推！