战士;150;19;0;198;0;100;5000;0;10;10;0;0;0;0;88;45;450;1;0;450;5000;
法师;150;19;0;198;0;100;5000;0;10;10;0;0;0;0;88;45;750;1;0;750;5000;
道士;150;19;0;198;0;100;5000;0;10;10;0;0;0;0;88;45;750;1;0;750;5000;
月灵;99;56;172;80;0;100;3000;1000;1000;40;50;70;0;20;20;50;500;2000;0;1200;5000;
Mon23-0;139;116;220;60;1;10;3000;3000;0;15;15;20;50;0;0;30;50;300;1;0;1200;;
Mon23-1;81;100;221;60;1;10;3000;3000;0;15;15;20;50;0;0;30;50;300;1;0;1200;;
Mon23-2;81;101;222;60;1;10;3000;3000;0;15;15;20;50;0;0;30;50;300;1;0;1200;;
Mon23-3;81;101;223;60;1;10;3000;3000;0;15;15;20;50;0;0;30;50;300;1;0;1200;;
Mon24-0;81;19;230;60;1;10;3000;3000;0;15;15;20;50;0;0;30;50;300;1;0;1200;;
Mon24-1;124;19;231;60;1;10;3000;3000;0;15;15;20;50;0;0;30;50;300;1;0;1200;;
Mon24-2;81;101;232;60;1;10;3000;3000;0;15;15;20;50;0;0;30;50;300;1;0;1200;;
Mon24-3;81;101;233;60;1;10;3000;3000;0;15;15;20;50;0;0;30;50;300;1;0;1200;;
Mon24-4;101;102;234;60;1;10;3000;3000;0;15;15;20;50;0;0;30;50;300;1;0;1200;;
Mon24-5;81;19;235;60;1;10;3000;3000;0;15;15;20;50;0;0;30;50;300;1;0;1200;;
Mon24-6;81;19;236;60;1;10;3000;3000;0;15;15;20;50;0;0;30;50;300;1;0;1200;;
Mon24-7;121;101;237;60;1;10;3000;3000;0;15;15;20;50;0;0;30;50;300;1;0;1200;;
Mon24-8;81;19;238;60;1;10;3000;3000;0;15;15;20;50;0;0;30;50;300;1;0;1200;;
Mon24-9;81;19;239;60;1;10;3000;3000;0;15;15;20;50;0;0;30;50;300;1;0;1200;;
Mon25-0;123;103;240;60;1;10;3000;3000;0;15;15;20;50;0;0;30;50;300;1;0;1200;;
Mon25-1;123;104;241;60;1;10;3000;3000;0;15;15;20;50;0;0;30;50;300;1;0;1200;;
Mon25-2;81;19;242;60;1;10;3000;3000;0;15;15;20;50;0;0;30;50;300;1;0;1200;;
Mon25-3;81;102;243;60;1;10;3000;3000;0;15;15;20;50;0;0;30;50;300;1;0;1200;;
Mon26-0;123;103;250;60;1;10;3000;3000;0;15;15;20;50;0;0;30;50;300;1;0;1200;;
Mon26-1;123;105;251;60;1;10;3000;3000;0;15;15;20;50;0;0;30;50;300;1;0;1200;;
Mon26-2;124;252;252;60;1;10;3000;3000;0;15;15;20;50;0;0;30;50;300;1;0;1200;;
Mon26-3;125;252;253;60;1;10;3000;3000;0;15;15;20;50;0;0;30;50;300;1;0;1200;;
Mon26-4;126;252;254;60;1;10;3000;3000;0;15;15;20;50;0;0;30;50;300;1;0;1200;;
Mon26-5;123;115;255;60;1;10;3000;3000;0;15;15;20;50;0;0;30;50;300;1;0;1200;;
Mon26-6;123;106;256;60;1;10;3000;3000;0;15;15;20;50;0;0;30;50;300;1;0;1200;;
Mon26-7;101;201;257;60;1;10;3000;3000;0;15;15;20;50;0;0;30;50;300;1;0;1200;;
Mon26-8;81;19;258;60;1;10;3000;3000;0;15;15;20;50;0;0;30;50;300;1;0;1200;;
Mon26-9;81;19;259;60;1;10;3000;3000;0;15;15;20;50;0;0;30;50;300;1;0;1200;;
Mon27-0;81;19;260;60;1;10;3000;3000;0;15;15;20;50;0;0;30;50;300;1;0;1200;;
Mon27-1;81;19;261;60;1;10;3000;3000;0;15;15;20;50;0;0;30;50;300;1;0;1200;;
Mon27-2;123;115;262;60;1;10;3000;3000;0;15;15;20;50;0;0;30;50;300;1;0;1200;;
Mon27-3;127;107;263;60;1;10;3000;3000;0;15;15;20;50;0;0;30;50;300;1;0;1200;;
Mon27-4;81;107;263;60;1;10;3000;3000;0;15;15;20;50;0;0;30;50;300;1;0;1200;;
Mon27-5;81;19;264;60;1;10;3000;3000;0;15;15;20;50;0;0;30;50;300;1;0;1200;;
Mon27-6;147;117;265;60;1;10;3000;3000;0;15;15;20;50;0;0;30;50;300;1;0;1200;;
Mon27-7;123;106;266;60;1;10;3000;3000;0;15;15;20;50;0;0;30;50;300;1;0;1200;;
Mon27-8;123;106;267;60;1;10;3000;3000;0;15;15;20;50;0;0;30;50;300;1;0;1200;;
Mon29-0;148;118;280;60;1;10;3000;3000;0;15;15;20;50;0;0;30;50;300;1;0;1200;;
Mon29-1;81;19;281;60;1;10;3000;3000;0;15;15;20;50;0;0;30;50;300;1;0;1200;;
Mon30-0;128;19;290;60;1;10;3000;3000;0;15;15;20;50;0;0;30;50;300;1;0;1200;;
Mon30-1;128;19;291;60;1;10;3000;3000;0;15;15;20;50;0;0;30;50;300;1;0;1200;;
Mon30-2;128;19;292;60;1;10;3000;3000;0;15;15;20;50;0;0;30;50;300;1;0;1200;;
Mon33-0;129;101;320;60;1;10;3000;3000;0;15;15;20;50;0;0;30;50;300;1;0;1200;;
Mon33-1;130;101;320;60;1;10;3000;3000;0;15;15;20;50;0;0;30;50;300;1;0;1200;;
Mon33-2;131;101;321;60;1;10;3000;3000;0;15;15;20;50;0;0;30;50;300;1;0;1200;;
Mon33-3;132;101;321;60;1;10;3000;3000;0;15;15;20;50;0;0;30;50;300;1;0;1200;;
Mon33-4;131;101;322;60;1;10;3000;3000;0;15;15;20;50;0;0;30;50;300;1;0;1200;;
Mon33-5;133;101;322;60;1;10;3000;3000;0;15;15;20;50;0;0;30;50;300;1;0;1200;;
Mon33-6;104;45;323;60;1;10;3000;3000;0;15;15;20;50;0;0;30;50;300;1;0;1200;;
Mon33-7;135;108;324;60;1;10;3000;3000;0;15;15;20;50;0;0;30;50;300;1;0;1200;;
Mon33-8;81;109;325;60;1;10;3000;3000;0;15;15;20;50;0;0;30;50;300;1;0;1200;;
Mon33-9;81;109;326;60;1;10;3000;3000;0;15;15;20;50;0;0;30;50;300;1;0;1200;;
Mon33-10;136;110;327;60;1;10;3000;3000;0;15;15;20;50;0;0;30;50;300;1;0;1200;;
Mon33-11;104;45;328;60;1;10;3000;3000;0;15;15;20;50;0;0;30;50;300;1;0;1200;;
Mon33-12;104;45;329;60;1;10;3000;3000;0;15;15;20;50;0;0;30;50;300;1;0;1200;;
Mon34-0;137;111;330;60;1;10;3000;3000;0;15;15;20;50;0;0;30;50;300;1;0;1200;;
Mon34-1;81;19;331;60;1;10;3000;3000;0;15;15;20;50;0;0;30;50;300;1;0;1200;;
Mon34-2;81;19;332;60;1;10;3000;3000;0;15;15;20;50;0;0;30;50;300;1;0;1200;;
Mon34-3;137;111;333;60;1;10;3000;3000;0;15;15;20;50;0;0;30;50;300;1;0;1200;;
Mon34-4;81;19;334;60;1;10;3000;3000;0;15;15;20;50;0;0;30;50;300;1;0;1200;;
Mon34-5;81;19;335;60;1;10;3000;3000;0;15;15;20;50;0;0;30;50;300;1;0;1200;;
Mon34-6;134;112;336;60;1;10;3000;3000;0;15;15;20;50;0;0;30;50;300;1;0;1200;;
Mon34-7;134;112;337;60;1;10;3000;3000;0;15;15;20;50;0;0;30;50;300;1;0;1200;;
Mon35-0;138;113;340;60;1;10;3000;3000;0;15;15;20;50;0;0;30;50;300;1;0;1200;;
Mon35-1;107;114;341;60;1;10;3000;3000;0;15;15;20;50;0;0;30;50;300;1;0;1200;;
Mon35-2;81;19;342;60;1;10;3000;3000;0;15;15;20;50;0;0;30;50;300;1;0;1200;;
Mon35-2a;203;19;342;60;1;10;3000;3000;0;15;15;20;50;0;0;30;50;300;1;0;1200;;
Mon35-2b;199;19;342;60;1;10;3000;3000;0;15;15;20;50;0;0;30;50;300;1;0;1200;;
圣兽;140;54;270;48;1;0;1;350;0;25;20;25;30;0;0;20;30;0;1;0;0
圣兽1;141;55;271;48;1;0;1;350;0;35;30;30;45;0;0;20;30;0;1;0;0
圣兽2;81;55;271;48;1;0;1;350;0;25;20;25;30;0;0;20;30;700;1;0;2000
圣兽B;140;54;272;48;1;0;1;350;0;25;20;25;30;0;0;20;30;0;1;0;0
圣兽B1;141;55;273;48;1;0;1;350;0;35;30;30;45;0;0;20;30;0;1;0;0
圣兽B2;81;55;273;48;1;0;1;350;0;25;20;25;30;0;0;20;30;700;1;0;2000
圣兽C;140;54;274;48;1;0;1;350;0;25;20;25;30;0;0;20;30;0;1;0;0
圣兽C1;141;55;275;48;1;0;1;350;0;35;30;30;45;0;0;20;30;0;1;0;0
圣兽C2;81;55;275;48;1;0;1;350;0;25;20;25;30;0;0;20;30;700;1;0;2000
新骷髅1;100;200;950;...后面自己加.....
新骷髅2;100;200;951;...后面自己加.....
新骷髅3;100;200;952;...后面自己加.....
Mon36-1;149;202;600;60;1;10;3000;3000;0;15;15;20;50;0;0;30;50;900;1;0;2000
Mon36-2;149;202;601;60;1;10;3000;3000;0;15;15;20;50;0;0;30;50;900;1;0;2000
Mon36-3(保留);149;202;602;60;1;10;3000;3000;0;15;15;20;50;0;0;30;50;900;1;0;2000
Mon36-4;149;202;603;60;1;10;3000;3000;0;15;15;20;50;0;0;30;50;900;1;0;2000
Mon36-5;149;202;604;60;1;10;3000;3000;0;15;15;20;50;0;0;30;50;900;1;0;2000
Mon36-6;149;202;605;60;1;10;3000;3000;0;15;15;20;50;0;0;30;50;900;1;0;2000
Mon36-7;149;202;606;60;1;10;3000;3000;0;15;15;20;50;0;0;30;50;900;1;0;2000
Mon36-8;149;202;607;60;1;10;3000;3000;0;15;15;20;50;0;0;30;50;900;1;0;2000
Mon36-9;149;202;608;60;1;10;3000;3000;0;15;15;20;50;0;0;30;50;900;1;0;2000
Mon36-10;149;202;609;60;1;10;3000;3000;0;15;15;20;50;0;0;30;50;900;1;0;2000
Mon36-11;149;202;610;60;1;10;3000;3000;0;15;15;20;50;0;0;30;50;900;1;0;2000
Mon36-12;149;202;611;60;1;10;3000;3000;0;15;15;20;50;0;0;30;50;900;1;0;2000
Mon36-13;149;202;612;60;1;10;3000;3000;0;15;15;20;50;0;0;30;50;900;1;0;2000
Mon36-14（保留）;149;202;613;60;1;10;3000;3000;0;15;15;20;50;0;0;30;50;900;1;0;2000
Mon36-15;149;202;614;60;1;10;3000;3000;0;15;15;20;50;0;0;30;50;900;1;0;2000
Mon36-16;149;202;615;60;1;10;3000;3000;0;15;15;20;50;0;0;30;50;900;1;0;2000
Mon36-17;149;202;616;60;1;10;3000;3000;0;15;15;20;50;0;0;30;50;900;1;0;2000
Mon36-18;149;202;617;60;1;10;3000;3000;0;15;15;20;50;0;0;30;50;900;1;0;2000
Mon36-19;104;202;618;60;1;10;3000;3000;0;15;15;20;50;0;0;30;50;900;1;0;2000
Mon36-20;149;202;619;60;1;10;3000;3000;0;15;15;20;50;0;0;30;50;900;1;0;2000
Mon36-21;149;202;620;60;1;10;3000;3000;0;15;15;20;50;0;0;30;50;900;1;0;2000
Mon36-22;149;202;621;60;1;10;3000;3000;0;15;15;20;50;0;0;30;50;900;1;0;2000
Mon36-23;149;202;622;60;1;10;3000;3000;0;15;15;20;50;0;0;30;50;900;1;0;2000
Mon36-24;149;202;623;60;1;10;3000;3000;0;15;15;20;50;0;0;30;50;900;1;0;2000
Mon36-25;149;202;624;60;1;10;3000;3000;0;15;15;20;50;0;0;30;50;900;1;0;2000
Mon36-26;149;202;625;60;1;10;3000;3000;0;15;15;20;50;0;0;30;50;900;1;0;2000
Mon36-27;149;202;626;60;1;10;3000;3000;0;15;15;20;50;0;0;30;50;900;1;0;2000
Mon36-28;104;202;627;60;1;10;3000;3000;0;15;15;20;50;0;0;30;50;900;1;0;2000
Mon36-29;149;202;628;60;1;10;3000;3000;0;15;15;20;50;0;0;30;50;900;1;0;2000
Mon36-30;149;202;629;60;1;10;3000;3000;0;15;15;20;50;0;0;30;50;1000;1;0;2500
Mon37-0;149;203;360;60;1;10;3000;3000;0;15;15;20;50;0;0;30;50;900;1;0;2000
Mon37-1;149;204;361;60;1;10;3000;3000;0;15;15;20;50;0;0;30;50;900;1;0;2000
Mon37-2;149;205;362;60;1;10;3000;3000;0;15;15;20;50;0;0;30;50;900;1;0;2000
Mon37-3;115;206;363;60;1;10;3000;3000;0;15;15;20;50;0;0;30;50;900;1;0;2000
Mon37-4;149;207;364;60;1;10;3000;3000;0;15;15;20;50;0;0;30;50;900;1;0;2000
Mon37-5;131;208;365;60;1;10;3000;3000;0;15;15;20;50;0;0;30;50;900;1;0;2000
Mon37-6;149;209;366;60;1;10;3000;3000;0;15;15;20;50;0;0;30;50;900;1;0;2000
Mon38-0,201,220,630,60,1,10,3000,3000,0,15,15,20,50,0,0,30,50,300,1,0,1200
Mon38-1,53,221,631,60,1,10,3000,3000,0,15,15,20,50,0,0,30,50,300,1,0,1200
Mon38-2,104,224,632,60,1,10,3000,3000,0,15,15,20,50,0,0,30,50,300,1,0,1200
Mon38-3,81,221,633,60,1,10,3000,3000,0,15,15,20,50,0,0,30,50,300,1,0,1200
Mon38-4,104,224,634,60,1,10,3000,3000,0,15,15,20,50,0,0,30,50,300,1,0,1200
Mon38-5,81,221,635,60,1,10,3000,3000,0,15,15,20,50,0,0,30,50,300,1,0,1200
Mon38-6,81,221,636,60,1,10,3000,3000,0,15,15,20,50,0,0,30,50,300,1,0,1200
Mon38-7,81,221,637,60,1,10,3000,3000,0,15,15,20,50,0,0,30,50,300,1,0,1200
Mon38-8,200,222,638,60,1,10,3000,3000,0,15,15,20,50,0,0,30,50,300,1,0,1200
Mon38-9,81,221,639,60,1,10,3000,3000,0,15,15,20,50,0,0,30,50,300,1,0,1200
Mon38-10,202,221,640,60,1,10,3000,3000,0,15,15,20,50,0,0,30,50,300,1,0,1200
Mon38-11,202,221,641,60,1,10,3000,3000,0,15,15,20,50,0,0,30,50,300,1,0,1200
Mon38-12,203,225,642,60,1,10,3000,3000,0,15,15,20,50,0,0,30,50,300,1,0,1200
Mon38-13,204,223,643,60,1,10,3000,3000,0,15,15,20,50,0,0,30,50,300,1,0,1200

